1266
-25 99 62 
-16 
-30 
-26 23 -87 -19 -36 76 76 -3 -41 65 90 -59 38 -43 73 
32 -39 80 -99 76 100 
19 12 12 42 -38 30 69 25 -92 -100 26 60 
72 
56 -77 13 -71 -58 39 -76 40 66 
-34 -88 -22 
35 -85 5 52 -57 9 -49 -54 
-78 39 -80 7 -90 99 -34 -18 -83 -60 95 -44 -92 45 -7 50 -50 -67 -36 -75 91 -56 81 -47 
-92 
-81 
35 97 
98 -20 -20 75 -82 37 68 
59 
-52 4 
87 
35 48 32 -54 89 -76 -63 88 22 
67 
-1 -91 83 59 36 11 -11 
-73 83 28 29 -99 
79 -12 -53 -54 44 85 19 91 
0 -36 -68 -94 0 
-8 30 64 98 1 19 
-41 -59 -73 
-14 16 
-12 -65 
-12 15 22 -65 72 
-45 49 -3 69 87 
87 23 10 -28 6 -21 -15 -18 
4 
36 
-46 39 -77 39 7 60 20 -25 63 -48 75 12 
23 52 83 -38 
58 4 
99 82 
3 -81 -4 -27 -72 
57 78 -15 53 -54 70 
2 90 -90 -47 -15 
-82 47 24 66 -98 -46 23 -41 55 -24 36 -46 93 -96 10 -8 -37 -68 -43 -32 55 70 -1 
86 13 
90 
36 79 -43 32 26 
-84 
42 97 14 78 
100 -51 
-42 6 33 -10 35 -10 -73 -56 98 
38 43 -35 
29 
-25 -79 47 46 
-31 -43 -65 39 78 0 63 -54 24 
-80 
66 14 
37 11 -34 73 99 -95 23 69 -3 47 93 97 -50 46 -81 67 -50 44 -7 
96 18 
54 56 76 59 -88 66 
-14 33 
-92 12 35 -17 -42 -21 76 52 -60 59 -70 -23 16 -38 -5 67 -28 72 
-6 54 -17 -64 -75 82 -19 -6 63 93 -5 -52 -12 
-9 35 -11 44 -7 78 -36 
38 
-97 88 -4 -11 
90 35 -26 -43 
74 76 
-24 32 -81 3 82 20 
-90 -53 
45 10 -56 100 59 -26 -91 76 45 -85 61 29 -65 -30 
25 -16 -61 -88 96 -88 -1 47 
81 -57 44 
-93 -23 -68 -22 
98 
51 39 30 21 73 
-81 -68 46 39 2 25 -15 -72 63 46 99 -32 -100 33 -70 
9 -36 65 54 59 -92 46 -68 9 -61 24 99 4 -33 -16 78 81 -24 36 -91 -12 44 83 95 
-82 
5 
74 
98 75 60 -83 38 30 
-65 -39 34 82 -89 39 -35 -42 
28 
36 -26 -83 -85 
34 
-25 -88 -26 3 31 
-99 -34 -58 
50 -99 37 
-73 -11 
-8 92 -93 
-33 70 -55 28 -48 -74 
-52 -9 -72 68 63 -74 
62 55 -23 6 -30 -72 -74 -65 
-28 
93 -18 37 -63 52 26 -14 -1 3 100 82 -69 24 
-11 60 68 28 
50 -70 1 29 -92 -33 -82 -41 13 -70 -31 92 -74 75 56 -9 58 
-97 -22 -32 2 27 -15 50 34 
-57 -86 -87 
-20 67 -36 -84 31 
75 
87 25 -5 -87 71 -40 62 57 59 51 -4 -98 15 40 75 24 49 -46 54 
-42 29 -2 -86 -54 -3 76 
83 74 -48 -17 23 
-64 91 -60 13 19 -56 
59 -7 69 -74 51 48 53 47 69 
-13 -75 -29 56 
-59 39 -53 -70 -5 -9 85 -50 -12 -51 -57 67 -23 83 22 30 21 
27 15 
-22 -44 40 -77 
-23 30 -22 -99 
50 -34 
32 
-81 69 -10 10 70 -96 99 52 
23 97 
57 -14 57 52 
89 -95 62 -89 -54 47 -53 
-6 96 -98 -70 61 1 12 -4 -90 94 55 -72 34 
-78 -26 47 42 -61 28 -67 71 93 -27 -92 -75 -28 -100 36 -62 
-16 93 -94 52 -35 
-68 
-39 
86 -69 
-70 -81 -35 
81 5 -7 -27 -49 -58 -26 -17 -32 -86 90 -64 71 -71 
7 0 -82 -88 
86 -80 41 
-32 -71 -36 16 -19 33 -95 46 32 -95 
-31 35 -89 -10 37 -80 68 47 69 -63 -68 -26 -62 37 -57 
14 90 
0 75 -29 55 50 -42 75 -46 32 22 -58 -96 7 64 10 12 28 
13 
-90 -9 -99 75 
65 73 -63 -36 18 
-23 21 -49 -36 -11 -18 -28 32 3 -84 65 -75 63 90 -97 23 31 
74 
-98 
75 76 -55 
-12 -28 74 -18 30 -79 -28 21 31 -93 -4 62 -79 -37 -7 -46 -42 86 -96 
57 
-67 82 
95 56 -75 84 
-88 -69 86 30 -41 
75 82 58 -70 
41 
13 37 -29 41 -31 72 93 
92 -77 -65 75 2 
8 30 37 82 
-60 -49 -90 -9 34 -42 -80 
33 -22 -58 -82 40 -4 59 77 
100 
11 -45 73 62 11 -74 100 -77 2 89 -49 -47 70 81 -35 -90 55 13 -49 65 
57 
-65 31 60 24 
-2 30 63 
-66 44 -86 85 -50 94 32 -27 85 99 71 91 1 
47 50 
-60 -37 -63 -62 -77 -90 100 -89 -12 -26 -66 -37 89 24 82 78 -76 -33 96 21 97 56 65 -4 -1 65 45 90 0 -100 -20 15 
58 
-76 6 -29 -17 16 100 -81 95 21 
-22 -21 -14 
-68 26 -39 42 -14 -28 -18 15 -30 -17 -11 -22 83 19 -33 
-48 
-53 -71 99 
-5 47 82 -93 52 53 -5 49 -89 
32 -8 
17 
48 -48 -63 -2 -74 
79 12 -89 77 54 96 -15 -61 1 
26 -37 -6 
-44 5 
4 -99 26 -3 47 61 -14 11 90 36 50 -79 -57 -99 -55 55 43 -30 39 
-50 -2 70 
-22 -59 97 38 -30 -8 39 -3 -73 
-45 75 -78 84 
-62 -25 59 64 -9 93 2 -12 75 
-54 -6 -10 
47 -4 -44 57 31 43 9 73 4 -76 
75 -73 1 
99 
-2 -96 45 -44 75 -25 -61 
13 68 -5 94 -66 -97 -46 37 -56 70 94 67 33 -33 -81 100 81 
-37 12 -83 88 -89 19 9 50 12 -62 7 -32 -44 4 -22 95 33 
28 -3 23 89 -91 
76 -48 80 -98 38 -6 67 -16 44 5 48 
-28 28 68 -85 -37 92 -92 -31 66 52 87 -15 
-81 
-100 100 -51 -53 89 63 -3 -43 95 -85 
-44 
-98 -32 36 -10 
-47 -39 -81 60 62 85 
-34 -44 -48 27 -93 40 -29 -21 -48 90 -17 90 79 18 -96 
-79 -100 -98 22 -21 -4 65 
-46 78 -68 
23 29 -69 -7 -7 17 -36 -90 -69 -79 
-79 37 68 -4 -10 
-45 -67 -65 
-60 44 
-32 42 
44 14 -38 
66 -76 45 
52 59 -86 -45 -67 82 -27 -87 -28 -24 32 -54 44 -66 13 -67 -8 -3 -65 
-63 -57 -26 35 
-62 -96 -24 70 57 -73 -2 100 34 0 -94 25 98 7 -95 -77 -81 -78 
-15 
86 -67 27 97 45 
65 37 85 1 -66 
46 82 -56 27 90 
-52 -10 
10 -11 45 -26 30 
35 55 83 -36 -16 14 34 
-46 -73 -60 57 58